Rho
-0.387097659904997
-0.359751595813368
0.300323311496222
-0.395184640767477
-0.353549673234582
-0.355549262529844
-0.356753762955108
-0.365141671297946
-0.312591996055189
-0.352313605817452
-0.415056870278989
-0.361747006827762
-0.35529812488437
-0.353974616257567
0.324953811024479
-0.354158377052326
-0.362487289972469
-0.369691101014002
-0.356810920400126
-0.359673887367749
0.116551298345689
-0.387508125754354
-0.323864344337446
-0.382339383986903
-0.365040112277091
-0.358335006460013
-0.348425402662264
-0.349907890974474
-0.359466776891212
-0.366078977608931
-0.366292137973714
-0.349955271189513
0.306601028752456
-0.356375278121134
-0.359425459929896
-0.355952702627641
-0.341144203118909
-0.355624583555284
-0.357876167665161
-0.356943629102667
0.343023120902481
-0.355688711751682
-0.354994886546915
-0.350269467716617
-0.367500657942108
0.325760155603529
-0.359338854775853
-0.302234378675634
-0.376843833881357
-0.356062372256679
-0.311204018017383
-0.357924687022387
-0.35544954518643
-0.341432799883757
-0.358076642163375
-0.279392837987765
-0.357087632094439
-0.353422091962659
-0.361099656173453
-0.349470212705215
-0.351186491646674
-0.387873592443522
-0.361468131095106
-0.353862232585032
-0.353588330088052
-0.381387205213517
-0.349119226639955
-0.348638036167819
0.212209610286922
-0.382854711295612
0.291115664336577
-0.347216395579848
-0.352164349598469
-0.349298320388197
-0.360335952271819
-0.365529543249047
-0.341594987838518
-0.357301041187051
-0.358030525046689
-0.354981416298305
-0.35659716162234
-0.348014278649342
-0.35436043776947
-0.345998046714214
-0.370018265289633
-0.355469065432669
-0.349416488534359
-0.37181850246177
-0.37647731839544
-0.345351012965856
-0.354394803525447
-0.360092492017496
-0.354794658235712
-0.353696185322636
-0.353445654002616
-0.406303269820552
-0.353403195871093
-0.353663536905778
-0.362596468388123
-0.0188190952293619
